97.6963
92.8226
145.608
145.594
146.168
146.527
147.03
147.054
146.284
144.75
143.45
143.321
143.198
143.15
143.451
143.119
142.842
142.789
142.886
142.794
142.968
142.519
142.913
142.636
142.235
141.485
140.5
140.125
139.215
138.494
137.859
137.454
137.389
136.723
136.657
137.466
135.19
134.994
134.249
133.123
133.613
133.486
132.51
131.451
129.313
128.688
128.753
130.687
129.928
128.919
128.129
126.001
124.697
123.717
123.539
122.045
121.211
120.017
117.976
117.335
115.627
113.922
112.967
111.143
109.071
109.314
106.769
104.145
102.297
100.494
98.3454
95.9118
