133.096
132.472
132.244
131.906
131.641
132.769
134.148
134.971
137.546
140.005
139.166
138.917
138.435
138.547
138.055
137.662
138.461
138.942
141.566
142.394
145.251
145.474
146.308
145.893
145.308
147.282
146.674
146.373
145.955
145.933
145.03
145.723
145.702
144.957
146.526
146.484
146.124
146.13
145.012
143.924
143.183
143.699
142.3
142.279
142.551
146.094
144.451
144.644
143.97
144.427
144.219
147.797
146.119
147.66
146.023
146.493
150.24
147.305
143.061
145.409
142.938
143.135
142.312
142.472
141.829
141.611
143.301
142.653
140.096
139.079
137.762
136.937
133.363
133.95
133.42
131.939
132.823
182.079
132.901
131.733
132.282
130.746
128.221
127.037
125.983
126.173
127.743
127.254
125.392
124.679
124.121
122.647
170.117
168.719
167.635
166.707
162.388
164.614
162.507
