45.0762
45.1655
12.5386
41.8448
53.6842
64.3851
64.3319
64.3716
64.633
64.5567
64.4911
64.443
64.3813
64.0382
63.76
63.3264
63.0525
63.5127
63.3852
63.3181
63.1654
63.0593
63.1664
63.3975
63.6727
63.8395
63.5135
63.7829
63.4353
63.1226
62.7609
62.664
62.4219
62.3365
62.1494
61.8088
61.5742
61.4229
61.3013
61.1034
60.7665
60.4349
60.3641
40.1311
59.8769
59.726
59.5276
59.5461
59.4503
59.3074
58.9777
58.7962
58.6079
58.631
58.5588
58.2045
58.0701
57.5588
57.0928
56.9661
56.7808
56.3792
56.4858
55.9794
55.6809
55.0469
54.4101
55.0813
40.8162
40.6481
40.6131
40.7524
74.3457
40.123
40.5224
38.464
38.7516
52.3149
51.9746
28.8824
48.089
47.772
48.1494
47.5714
47.229
46.4421
47.2311
46.5725
46.0327
45.6935
45.7674
45.8036
44.7177
43.8861
