80.1632
103.894
103.499
103.714
103.85
103.571
103.241
102.882
102.312
101.773
101.702
101.69
101.505
101.182
101.041
100.828
100.742
100.849
100.58
100.266
105.96
87.7674
99.7403
99.8203
99.9303
99.8971
99.8082
99.5388
99.6275
99.7044
99.6179
99.2598
98.8026
98.3863
98.1416
98.0848
98.1488
98.1986
97.8482
97.4401
97.1604
97.0732
96.9804
96.8463
96.4454
96.2034
95.835
95.6769
95.5024
95.2872
94.8474
94.6069
94.4103
94.2565
98.0943
92.0367
92.1273
91.8552
91.5531
91.2859
91.0261
90.5776
89.8113
89.3817
89.2491
88.8091
88.1485
87.8688
87.3294
86.7225
85.7476
85.6046
85.1346
84.1632
84.9561
84.3144
84.095
