91.1096
90.7894
90.4701
90.8826
91.2952
91.2235
91.1342
90.6568
90.4814
90.1468
89.8242
89.1081
88.6301
87.5039
87.662
86.9048
88.5231
86.3841
85.9949
85.5254
85.187
85.0447
84.9695
84.666
84.4437
84.0956
83.6988
83.3477
82.9066
82.7649
82.6035
82.3829
82.2567
82.0964
81.9886
81.811
81.5174
81.4185
81.4618
81.4958
81.4891
81.3442
81.1159
80.935
80.9103
80.9916
81.0259
80.729
80.5117
80.2946
79.9242
79.6584
79.3463
79.2029
79.2105
78.9146
78.7519
78.5941
78.2271
77.762
77.5361
77.4617
77.4377
77.1235
76.7045
76.2057
90.7465
75.2869
89.819
74.7942
89.4614
88.8845
88.5185
102.788
102.23
101.886
101.402
100.486
99.5682
98.6763
98.0638
97.0935
95.4722
