90.6854
90.2468
89.5048
88.3989
88.8649
89.9517
90.5584
90.4031
111.884
114.153
115.021
115.439
116.013
115.914
114.982
114.102
112.828
112.845
112.563
111.644
110.974
110.13
109.623
109.795
111.698
112.151
111.665
110.802
110.258
108.847
107.726
107.718
106.51
105.995
106.027
105.789
106.631
107.382
108.214
107.819
107.585
107.907
107.168
107.299
106.362
106.335
105.808
104.208
104.982
105.142
103.779
103.225
103.373
103.007
103.437
102.644
102.158
100.379
98.6154
95.9523
94.3532
95.0827
93.2947
91.3074
90.7618
89.6913
88.2678
86.4379
85.1012
83.4638
81.8296
78.6412
75.651
71.9432
68.6112
64.9414
59.3867
