94.0081
93.4259
91.8337
91.1293
91.5152
92.737
93.7259
93.7432
90.5926
90.2461
90.4708
90.5456
132.733
133.064
132.459
131.769
132.281
132.447
131.865
131.611
131.617
132.762
134.159
135.702
135.957
136.178
135.631
134.896
133.877
132.955
132.344
131.906
131.171
130.435
129.357
129.07
129.19
128.171
126.961
126.879
127.079
125.899
125.258
124.395
123.327
123.071
122.729
122.183
121.545
120.291
120.121
119.536
118.739
118.277
117.77
116.733
117.145
116.739
116.677
114.563
115.909
112.548
113.548
113.011
113.896
114.205
115.034
114.852
115.194
114.081
111.593
109.725
107.713
107.757
108.87
