135.184
133.763
130.6
128.644
128.454
128.104
128.067
127.867
128.283
128.684
129.236
129.253
128.894
128.519
127.832
127.379
127.114
126.764
126.182
125.353
125.29
124.94
124.572
124.372
123.123
122.912
122.941
122.581
122.297
122.209
122.48
121.841
121.129
120.323
119.953
119.441
119.099
118.711
118.44
118.166
117.873
117.158
117.034
116.55
115.979
115.334
114.563
114.083
114.245
114.876
114.461
114.444
115.186
115.842
115.887
116.077
114.958
114.644
113.828
112.967
112.762
112.206
110.906
109.235
107.457
109.464
108.392
107.555
105.307
103.631
103.104
102.022
97.9035
97.922
95.2291
