162.805
162.414
161.525
161.586
161.246
161.274
161.4
161.414
161.205
160.994
161.554
161.483
161.224
161.047
161.418
162.001
162.052
95.9113
161.788
161.926
162.147
161.594
161.139
95.6318
94.9599
94.495
28.2192
27.8744
93.8804
93.5953
93.0964
92.352
91.8606
91.4957
91.2326
91.2206
90.9905
90.8233
90.3892
90.0231
89.4912
154.761
153.963
153.45
152.993
152.987
153.662
153.19
151.892
151.005
150.375
150.54
150.428
150.293
149.993
149.753
149.754
150.057
150.727
150.071
149.947
149.787
149.151
147.824
146.829
146.979
145.764
144.507
143.73
142.217
140.2
138.322
137.741
136.048
134.699
133.5
131.271
129.857
129.403
129.008
126.659
124.195
125.653
146.092
130.5
97.5998
92.93
57.4623
109.469
74.794
