95.2109
95.4677
94.8451
95.0067
94.7187
94.4649
93.8554
93.9254
93.5388
92.1501
91.6954
118.811
118.077
117.169
116.07
115.142
114.141
113.26
113.246
112.84
111.894
111.067
110.671
110.343
109.511
109.882
108.804
107.054
105.431
104.484
103.196
102.137
102.874
102.205
101.637
102.269
101.761
101.433
100.558
101.291
101.081
100.497
99.3467
99.4586
98.8956
98.9164
98.066
97.2346
97.2924
96.9534
96.3158
95.4838
95.2329
94.5761
93.7847
93.1613
92.1147
91.2416
89.6405
89.1986
88.2756
88.3719
89.4096
110.489
110.137
111.155
112.388
110.941
110.957
110.931
111.465
105.967
107.383
109.145
109.437
108.396
106.86
104.794
105.801
107.929
105.388
102.455
105.058
106.817
103.439
