91.5587
91.5923
91.3265
91.1824
90.6541
89.354
89.561
89.4681
89.2371
88.7887
89.0177
89.32
89.5344
89.4036
89.2286
89.2719
89.0878
88.9475
89.4488
89.1226
88.9801
89.1358
89.1292
89.3477
89.532
89.7041
89.6189
89.5335
89.3342
89.0141
88.8103
88.7688
88.5447
88.3403
88.36
64.1411
88.0442
87.9767
87.7446
87.6112
87.5303
87.3224
87.1232
86.8797
86.7668
86.7638
86.6378
86.3691
86.2243
86.1446
85.9899
85.7811
85.7708
85.3949
85.1703
72.8914
84.7051
84.3817
84.3419
84.305
84.1397
83.9097
83.678
83.3106
83.0505
83.0627
82.7772
82.7008
82.57
82.3049
82.0796
81.845
81.4008
81.0442
80.4495
79.9411
79.3622
79.2945
77.0536
88.1728
101.644
88.7669
99.9274
98.8488
98.2203
96.9492
95.8079
81.6825
