169.258
170.099
166.547
182.465
180.904
108.857
176.14
150.914
176.593
176.162
112.545
141.4
112.093
141.134
141.148
140.776
111.703
111.65
140.621
111.39
140.194
140.032
111
139.775
110.64
139.633
110.295
139.031
172.894
139.002
109.993
138.759
172.522
172.319
172.265
172.136
108.898
137.414
136.96
136.956
136.954
171.037
137.178
137.188
170.985
170.593
136.295
170.09
136.16
107.049
135.771
135.633
135.493
169.448
169.36
169.109
168.721
168.375
168.16
167.925
167.629
167.323
167.034
166.966
166.631
166.269
165.876
165.546
165.222
164.963
164.659
164.814
164.805
164.562
164.323
164.085
163.831
163.633
163.361
162.615
161.933
161.463
161.321
161.176
161.094
160.859
160.555
159.926
160.584
147.203
110.253
109.392
109.043
109.102
108.795
135.118
128.145
79.3731
80.3876
