92.8883
93.5427
93.3723
92.8227
92.0121
91.6314
91.5232
91.84
92.3276
109.986
110.377
110.008
109.437
108.727
107.768
106.939
107.773
107.098
106.326
105.9
105.934
105.112
104.652
104.047
104.042
104.104
104.314
103.733
103.222
102.68
102.033
101.867
101.453
102.006
102.358
102.803
102.626
101.665
101.492
100.897
101.158
101.332
101.475
101.976
101.748
101.781
101.798
101.482
101.135
101.024
100.478
99.8228
99.0199
97.7384
96.8624
95.9135
95.09
94.0192
94.4622
94.9068
94.6409
94.4757
91.8091
90.5039
89.3603
86.7083
84.7261
83.2875
98.57
95.7346
92.5115
91.2524
90.1658
89.1963
87.7516
85.9508
84.7569
86.8667
82.7023
80.1534
85.3033
81.8374
78.4431
74.4245
78.3918
78.2347
74.5765
70.8634
71.0919
68.2943
