78.4311
77.7295
77.7612
49.8263
77.7312
77.7761
77.5059
77.1794
76.8221
76.6201
76.6868
76.5814
76.4149
75.9338
76.0468
75.6698
75.3066
75.3166
75.2629
75.2146
74.973
74.5364
74.6378
74.6593
74.4101
74.3297
74.1786
73.9991
73.6172
73.6028
73.6101
73.413
73.1934
73.0111
72.8783
72.8771
72.8684
73.0099
73.1994
73.2837
73.2636
73.0123
72.7027
72.6333
73.2178
73.2469
72.9999
72.7492
72.2769
72.001
72.0138
71.8175
71.4248
71.118
70.7627
71.0188
71.0074
70.7411
70.21
69.6983
69.9611
69.6103
69.6213
69.3621
69.0011
68.6473
68.2757
68.0658
68.1088
67.4868
66.9092
66.35
65.6616
65.4852
64.9906
64.1029
64.4907
63.727
63.4096
62.8877
63.022
62.7789
61.9666
61.651
