95.7266
95.5546
95.6522
94.1626
94.3586
93.6087
92.6529
92.4636
91.2869
89.8242
89.2039
88.8319
88.5429
88.8628
89.2077
89.0706
89.0838
88.2017
86.7981
86.237
86.1372
85.7286
84.5783
84.6926
84.0108
84.3028
83.4093
82.7547
82.4399
83.262
82.6319
82.0933
81.6069
81.168
80.5415
80.105
79.4688
79.2519
77.9414
76.7287
75.5465
75.24
74.8698
99.951
99.6058
98.4695
98.0001
97.1939
97.2965
95.6612
93.8725
94.0025
93.8043
92.4838
90.2238
87.8829
84.7667
84.5935
84.5286
83.9437
81.3569
79.4219
75.9852
72.9545
68.8219
64.731
62.9492
