77.5252
59.6888
91.8204
91.8813
91.5564
91.38
91.458
91.7279
91.4671
91.1069
90.9556
91.0649
91.2859
91.1983
91.1097
91.0063
91.0927
73.1347
91.0035
90.3303
89.8445
91.889
92.328
92.5042
92.6872
92.3213
91.8402
92.0737
92.938
92.721
92.1404
91.3409
75.1958
91.4906
92.5071
92.7392
92.8517
92.6501
92.8125
93.0187
92.8456
92.6187
92.3339
91.43
90.8659
90.8073
91.1722
90.799
90.2572
90.2893
90.1357
90.0741
89.7789
89.3527
89.0791
72.9626
72.6896
89.0653
88.62
88.5842
104.408
103.823
103.289
102.821
102.618
86.462
69.6397
85.1519
68.4584
67.7061
83.0091
82.2864
81.8893
81.0288
80.5662
79.6448
79.4576
78.5462
77.9921
77.067
75.9979
75.6681
74.6132
73.6251
73.0122
72.9049
71.6408
54.535
70.0485
69.1737
52.191
50.4595
77.5607
