110.509
70.7478
159.194
159.188
151.23
167.572
198.85
198.619
166.377
197.743
197.53
197.302
197.74
197.86
198
198.098
198.333
197.858
197.283
196.964
196.723
196.231
160.865
196.778
195.227
195.168
195.321
195.409
194.633
159.003
194.34
194.063
192.633
191.681
191.327
155.402
154.737
154.13
153.274
152.236
187.378
187.083
186.458
185.776
185.016
184.329
184.109
182.679
180.926
179.625
179.285
179.027
176.795
175.954
174.399
174.063
172.821
171.92
170.846
168.026
166.263
167.675
131.665
129.769
126.005
126.77
124.599
120.747
120.026
80.5097
145.397
