99.9752
99.4812
98.626
98.4188
98.3981
98.1841
96.7108
95.0891
114.701
102.742
102.704
102.599
102.574
102.859
103.533
102.835
101.441
100.229
99.9834
100.17
113.25
99.7594
98.9008
97.8465
97.1429
95.6746
94.8152
94.5106
96.5238
98.6527
99.3093
98.2429
96.8458
95.1463
93.934
92.8757
92.4135
93.0773
92.5224
91.9954
91.4988
91.4129
90.3812
89.3793
89.0272
88.3243
88.1171
87.5141
86.6909
86.0864
85.2258
83.9351
83.3461
83.5265
82.1627
81.3782
80.8657
80.7486
79.696
78.5924
78.2659
77.1525
76.1898
74.879
74.3243
73.5097
86.918
78.3965
76.8065
74.4278
74.0373
72.9188
71.1673
71.0719
69.5477
67.7443
67.2149
66.62
68.5671
66.9805
64.4367
60.7558
56.3758
52.4276
48.9074
47.7236
40.517
