88.7691
89.8328
89.1192
88.1786
87.5692
86.288
86.0047
85.3125
85.2202
85.1946
85.5581
85.5209
84.6506
83.676
82.9538
82.7238
82.7797
82.8276
82.9609
83.04
82.8205
81.9047
80.7078
79.844
79.5518
79.2279
97.5825
96.481
95.5667
95.5177
96.699
96.4328
96.2773
95.9861
95.9332
95.1463
94.1288
94.8324
94.6284
93.6956
92.4941
92.5864
91.7242
89.7601
89.0248
88.4134
87.8018
86.9766
85.4462
85.6634
84.1315
83.2338
81.6626
80.7761
82.4586
81.5971
80.2189
81.7465
80.1271
78.4141
74.7309
74.8948
75.2831
73.4844
73.7535
74.3812
74.1126
73.1339
71.1219
67.6929
63.6598
60.6865
56.1425
