129.847
88.4499
127.506
127.664
127.857
127.915
127.804
127.905
128.137
106.164
126.646
126.807
168.88
168.569
129.549
129.692
129.709
129.414
129.35
168.197
168.433
168.309
167.656
167.071
166.965
166.691
165.838
165.53
164.957
164.653
164.525
164.448
164.466
164.481
164.389
164.373
164.46
164.566
164.278
137.866
140.061
167.501
138.457
137.921
137.025
161.586
161.708
137.058
137.119
157.618
160.858
161.94
162.582
162.716
162.193
162.689
162.876
162.367
157.272
160.014
159.607
158.407
157.754
157.328
157.306
156.595
157.568
156.789
154.342
152.643
152.442
151.503
151.556
150.895
148.527
