92.4456
90.9915
90.7425
90.5334
90.1705
89.4031
88.7181
88.6411
87.3229
87.5551
87.1577
86.9891
86.6824
86.2671
85.8944
85.4714
85.7308
85.596
85.3221
85.5121
85.256
85.1096
84.953
84.9106
84.5515
84.4499
84.2962
84.0921
83.4417
83.5101
83.0868
82.5699
82.3361
82.1306
81.92
81.7045
81.338
80.5202
79.3506
78.4576
78.3985
78.0184
77.3404
77.9825
76.8294
77.4442
76.9716
76.0921
75.2082
74.6423
74.2906
74.2549
73.7499
73.0165
72.8812
72.1273
71.0168
69.9239
67.9428
65.8053
62.0576
58.8881
29.5868
83.0718
79.8064
