64.7162
93.5407
93.7334
94.208
64.8917
62.0334
90.8634
90.7075
90.9644
62.9715
92.4293
63.2874
63.0895
91.8205
62.6246
62.7303
62.5061
62.1099
90.8106
76.5098
75.164
89.98
78.7671
99.7597
80.9982
90.3367
81.7836
90.938
81.936
81.8995
81.989
81.9367
81.6787
90.4755
81.2182
80.9773
89.8484
80.5078
89.3903
80.4035
89.5048
80.3893
80.1833
89.0086
79.912
79.7358
88.5278
79.3298
88.3199
79.3598
79.2824
88.2074
79.1735
88.095
79.0085
78.9683
87.909
78.8451
87.8134
78.8131
87.8564
78.8587
87.7045
78.3972
87.1958
78.1148
78.0148
86.9119
77.8143
86.7657
77.6841
86.4111
77.1501
85.9006
114.874
76.7218
85.572
76.333
85.0421
75.7888
84.3937
75.2431
84.1927
75.3227
84.2561
75.0109
83.7503
83.8805
74.7551
90.7236
74.5685
112.261
78.0122
93.0968
89.059
112.101
95.6163
111.257
111.229
110.922
110.939
111.225
111.491
