58.2096
57.8323
23.7541
57.3102
57.4359
57.3447
57.6464
56.8464
56.666
56.9115
56.2342
56.4296
56.2571
55.9312
56.1117
55.9113
55.4446
55.5802
55.5377
54.9046
54.7302
54.967
54.6622
54.3056
54.7968
54.371
53.9172
54.3882
53.9448
53.4009
53.6748
53.7202
53.4635
53.5154
53.7836
53.8258
53.2389
52.8616
52.7673
52.3737
51.4431
51.1032
51.5108
51.2817
50.6248
50.127
50.2866
50.0388
49.4846
48.9424
48.1861
48.2225
47.726
47.5154
47.3293
47.0844
46.3082
45.7953
45.5041
45.6681
45.0402
44.4142
43.7008
43.0594
8.35155
7.75343
41.7255
40.8416
39.8412
39.3872
38.5128
37.8524
37.0454
37.4818
36.6032
35.4081
34.9286
33.7338
32.9616
31.9218
31.7228
30.2989
29.9251
27.9077
26.4932
25.6592
8.61428
11.053
6.16484
7.30509
6.94394
5.58116
7.67521
12.0001
