105.418
105.802
105.489
106.003
106.328
106.162
106.191
106.038
105.325
105.484
105.693
105.775
106.139
106.274
89.3898
106.72
106.622
106.274
105.812
105.654
88.3477
105.904
106.098
106.026
105.782
88.4453
88.1626
87.7935
87.5594
87.5301
87.5885
104.619
87.3268
86.9868
87.0609
86.5141
86.1386
86.505
85.8296
85.431
68.6904
102.725
68.153
85.4599
101.872
101.178
83.997
84.0831
84.2433
100.88
100.561
83.0096
99.7554
81.9198
100.744
86.579
86.7046
86.6601
86.8854
86.7444
86.6864
87.1837
87.1259
86.423
86.4393
86.676
86.5752
86.3973
86.2061
86.2738
85.8566
85.5839
85.2201
84.7029
84.3381
84.1301
83.773
83.5058
83.0572
82.5693
82.6033
82.7343
82.6445
81.8252
81.1112
80.2383
79.9233
64.7341
78.4875
78.4976
77.9831
76.9408
85.4606
77.3554
76.9827
77.1232
76.335
76.167
75.7323
75.43
75.1167
85.801
103.351
83.9927
80.8765
59.574
56.2757
