57.7848
57.3999
57.2964
57.1984
57.1326
56.7696
56.7578
56.9814
56.5792
56.8949
56.9659
56.6569
56.4791
56.0289
55.5776
55.4542
55.3928
55.4745
61.1844
79.978
73.8231
73.7691
73.8585
74.0701
73.4777
73.4545
73.3081
72.8462
77.1669
76.9177
76.9427
76.5747
76.2302
75.6876
66.4169
66.3762
66.0807
65.8077
65.5624
65.5359
65.4587
65.442
65.2771
64.8669
64.7207
64.3381
64.3169
64.5823
64.8706
64.7834
64.5923
64.3449
64.011
63.4586
63.0084
62.6842
62.3308
64.3028
70.0425
79.6534
65.8117
61.333
61.137
61.1586
60.7821
60.5021
60.3723
60.0068
59.8536
59.6775
59.2243
58.7633
58.3341
58.0015
57.865
57.4604
56.9715
56.2798
56.1602
55.7141
55.4864
55.31
54.9688
54.9391
54.3746
55.0538
54.1092
53.6115
53.934
52.4454
52.1955
52.5031
51.7383
51.4697
51.046
