112.308
112.377
113.943
116.133
117.77
118.662
118.885
118.505
117.855
116.52
116.026
115.561
114.993
114.759
114.334
114.29
113.858
113.013
111.494
110.641
111.334
110.39
108.909
107.142
105.77
105.077
104.561
103.711
102.881
102.283
100.654
99.6183
99.0254
98.6942
98.4698
97.318
96.5525
95.4835
94.9724
94.4787
94.024
94.3229
93.8705
92.991
92.2048
91.59
91.4864
91.0175
90.7537
90.0016
88.4373
87.3979
85.406
85.273
83.4468
82.8677
109.905
109.121
108.166
107.484
107.249
106.17
105.114
103.688
101.2
98.7549
97.9234
95.92
94.4798
92.6577
91.3987
88.2157
87.2176
83.6659
81.9844
78.3896
