138.432
137.291
135.831
134.947
134.228
133.956
134.521
135.303
135.82
136.254
136.181
136.488
136.572
135.927
135.365
135.652
136.321
135.991
135.607
135.173
135.079
134.629
134.428
133.814
134.072
133.312
131.597
130.26
129.246
129.003
129.235
129.423
128.72
127.891
127.201
126.628
126.684
126.685
126.258
126.419
126.351
126.569
127.344
127.865
127.491
127.703
126.84
126.681
127.075
126.396
125.669
125.094
124.902
124.219
122.924
122.326
121.428
120.635
119.427
119.53
119.285
118.529
117.491
116.554
115.118
113.743
112.603
111.566
110.223
108.465
106.594
104.268
102.862
100.834
98.9148
96.1505
94.1474
91.6439
90.3656
88.1349
84.5932
82.0371
78.6938
76.7172
72.5772
69.5297
66.4563
70.2861
67.8489
62.4232
