42.1856
41.4243
41.0706
41.5509
18.6415
64.7269
64.5204
63.9382
63.5978
63.7556
63.8832
63.8506
63.7179
63.9817
63.9791
63.9387
63.9789
64.2932
64.1996
41.2664
42.3131
43.3712
43.8285
44.0242
66.7819
65.9654
65.3883
65.1183
64.7515
64.1383
63.1424
62.7015
62.3604
62.0147
61.9385
61.9569
61.8894
62.1885
62.4166
62.0876
61.5125
61.4371
60.7156
60.1588
59.784
59.2715
58.7694
58.1639
57.9445
58.2304
58.5597
57.8041
57.2054
57.0297
56.9901
57.1332
56.7967
56.8167
56.6744
56.703
56.7938
56.8252
56.7327
56.6667
56.5456
56.7157
57.0273
57.3845
57.9292
58.5778
59.089
58.6943
57.6765
57.6515
57.4607
57.4978
57.5793
57.1607
56.9769
56.4425
55.699
55.5107
55.7188
55.1961
54.7312
61.0871
51.3119
43.5199
42.8698
51.4987
49.1684
60.3877
72.9088
72.0007
70.4285
49.0039
39.0631
39.5166
39.3944
68.4484
69.3487
67.2525
67.2058
