137.043
86.9295
86.7012
136.505
136.604
190.028
189.843
189.85
189.977
190.199
190.327
190.188
189.859
189.605
189.528
189.145
188.8
188.468
187.782
187.616
187.343
186.895
186.465
186.339
186.512
186.321
186.458
186.589
186.615
186.479
186.306
186.201
186.1
185.941
185.853
185.507
185.35
185.412
185.093
184.445
184.199
183.728
183.449
183.22
182.856
182.301
181.979
181.422
180.877
180.468
180.275
179.683
178.932
178.263
177.619
176.894
175.805
137.32
174.744
174.242
174.221
174.257
173.511
172.991
172.799
172.546
171.533
168.607
167.596
166.891
166.376
165.767
164.516
163.626
162.862
161.957
160.816
159.89
158.962
158.302
157.921
157.642
156.754
156.009
155.478
154.922
154.352
