140.021
139.851
139.736
139.389
139.645
139.591
138.678
138.444
138.271
111.123
138.344
138.447
139.193
133.185
133.059
135.228
135.264
135.158
134.723
133.996
133.603
133.423
133.636
133.454
134.033
134.791
134.634
166.798
166.374
165.94
165.719
165.148
164.83
164.858
164.783
164.591
98.6186
98.9454
98.7885
97.9109
98.6801
97.9791
97.3446
96.9298
97.6283
130.707
163.633
163.09
163.002
162.837
162.924
162.904
162.699
162.639
162.645
162.672
162.601
162.373
162.147
162.029
161.758
161.764
161.31
160.741
160.331
159.552
159.062
158.411
157.945
157.626
157.312
156.847
156.179
155.874
155.641
155.257
154.94
154.702
154.589
154.578
154.239
153.978
153.801
121.128
121.125
154.701
154.524
153.94
153.366
152.159
150.74
149.597
148.663
147.168
142.819
