91.4781
89.7517
87.2667
85.2074
85.4105
84.7717
85.3179
85.6626
100.43
98.5316
97.4291
96.7565
104.007
103.596
104.61
104.857
104.268
103.203
102.322
101.416
101.022
100.753
100.976
100.487
100.864
100.756
100.765
100.125
99.6669
99.4512
99.5552
99.7688
99.9224
99.7705
99.2363
98.4994
97.9674
97.0596
96.5291
96.9146
96.9855
96.0099
96.0181
96.0567
95.8386
95.1729
94.9216
94.336
94.0362
93.9746
94.4049
94.9325
94.9884
94.7875
93.4265
92.1321
91.7494
91.3225
90.9229
91.0308
91.1306
90.5056
90.0149
89.9256
89.4076
89.5071
89.0404
88.3446
87.7783
86.1615
85.6653
84.982
84.0876
83.6224
83.0338
82.7515
81.5667
81.2044
80.485
81.2973
79.3745
80.2829
79.9409
77.0842
75.5676
73.0267
70.8293
69.0543
67.0686
63.0815
59.3681
55.8959
