127.15
126.542
127.214
126.747
126.019
126.652
125.995
124.661
124.901
124.859
125.201
125.521
125.489
125.659
125.76
125.797
125.232
125.141
125.076
125.329
125.423
125.697
125.318
125.258
125.422
125.166
125.529
124.834
124.535
124.995
124.625
123.739
123.108
122.357
121.812
121.295
122.241
122.261
121.81
122.091
120.977
119.761
120.066
119.998
119.484
119.197
118.764
117.818
118.866
118.291
117.015
117.497
116.735
116.298
115.597
115.219
113.507
112.73
111.661
111.545
110.511
143.467
142.02
140.093
138.794
136.702
135.387
133.4
132.118
129.626
126.873
122.719
119.504
115.483
109.667
108.825
100.324
