86.395
86.2318
86.1597
86.0011
85.9547
85.7633
85.7581
85.7021
85.1409
84.8469
84.8849
85.0063
84.7157
84.3996
83.9902
83.605
83.2732
82.9781
82.952
82.471
82.1593
81.9752
81.9887
81.8459
83.2562
82.0986
81.7515
116.784
116.432
116.16
116.123
116.036
116.029
115.884
115.857
115.673
115.588
115.026
114.566
114.529
114.551
114.158
113.786
113.586
113.331
99.2015
112.632
112.908
102.818
112.689
112.125
111.09
110.776
110.049
109.82
109.661
109.129
108.399
107.847
107.359
106.906
106.492
106.343
97.4112
105.856
104.979
104.443
103.854
103.397
89.8555
102.964
102.206
100.662
99.9634
98.0133
96.8431
96.2193
95.7455
94.6735
