163.687
163.343
162.59
123.369
161.212
126.912
162.064
161.953
161.747
161.761
162.022
162.336
162.18
161.991
162.29
162.389
161.981
161.806
161.533
161.571
161.197
161.55
161.252
161.256
161.091
160.849
160.761
160.776
160.761
160.574
160.527
160.529
160.284
160.059
159.787
159.3
159.274
158.972
158.523
158.342
157.941
157.494
156.987
156.74
156.066
155.604
154.931
154.418
153.627
152.654
152.274
151.202
150.934
150.464
150.427
150.135
149.929
150.043
149.825
149.112
148.976
148.704
148.551
148.308
148.498
147.898
146.715
153.434
153.637
153.479
153.537
152.314
151.469
150.435
149.968
149.394
147.793
145.729
145
143.267
140.516
137.758
