86.5728
86.0777
84.7684
84.2309
83.5189
82.1578
80.2766
79.2137
78.7219
77.7381
77.2676
77.0515
76.5935
76.1223
75.4313
74.2226
99.1561
86.1784
86.2823
85.1957
88.2641
88.2456
88.3287
87.5283
87.0118
86.4087
85.2592
84.8167
83.5344
82.6603
83.1312
82.5112
81.6513
82.4471
82.0918
79.9875
78.659
77.7542
77.7238
79.1921
78.6813
77.217
77.4253
75.5809
74.2334
74.338
75.7705
74.0605
72.5855
71.6817
70.8857
69.6746
68.8702
68.5387
68.4849
68.7624
67.9121
66.6156
65.3908
64.5934
64.1034
63.3527
62.4075
61.614
60.8226
60.179
59.7881
59.2286
57.399
56.7509
56.8785
57.2868
56.4298
53.2446
52.0545
51.4036
50.9508
49.4042
48.7278
48.021
46.0215
43.0387
43.5243
