88.6486
88.2943
88.0156
87.9722
88.0039
88.3271
88.0683
88.3568
88.4642
88.9012
88.8946
88.7531
88.6403
88.3574
88.4271
88.2265
87.9495
87.9581
87.5781
87.2045
86.9907
86.5296
86.1298
85.9229
85.9012
85.6876
85.2084
84.9704
84.3597
84.2166
83.7875
83.9574
83.6539
83.3008
83.4316
82.9045
82.4513
81.99
81.9179
81.6488
81.8268
81.6254
81.5184
73.2209
72.9188
64.5199
72.3427
72.5205
80.6906
80.8361
80.7011
72.2343
80.6377
78.8052
78.6063
77.7853
77.3249
76.4411
76.5217
61.0108
77.7504
72.996
80.4965
65.7756
72.7911
71.3818
71.6717
70.1699
