76.3246
76.1616
64.1447
123.741
123.875
123.783
123.876
123.55
124.337
124.454
123.104
123.136
122.622
122.023
121.78
121.006
120.362
120.363
120.483
120.284
119.666
119.276
119.391
119.449
119.452
119.44
119.499
119.416
119.381
119.497
119.292
118.86
118.219
117.862
117.896
117.744
117.551
117.453
117.416
116.829
116.466
116.179
115.72
115.367
114.867
114.423
114.32
114.447
114.136
113.955
113.854
92.7722
92.9523
92.7876
92.1705
91.6408
119.133
118.894
118.333
117.576
117.423
116.674
88.5179
87.8978
114.864
114.539
114.599
114
113.522
113.342
112.677
85.055
111.526
111.202
110.624
109.673
109.464
82.0031
108.545
108.44
108.213
107.286
78.9452
106.786
105.395
103.999
75.8064
102.494
100.978
100.158
100.091
99.5579
98.8074
97.2529
95.6955
95.2917
93.7644
90.526
92.9159
89.3609
60.8634
86.3557
109.763
