138.915
139.602
139.891
138.802
136.416
134.342
132.061
130.599
129.334
127.653
126.834
126.359
126.119
125.723
125.532
125.466
125.092
124.846
125.085
125.241
125.038
124.452
123.659
123.801
124.113
124.351
124.015
123.533
123.145
123.223
123.235
123.064
122.235
121.967
121.486
121.057
120.798
120.915
121.076
121.28
120.975
121.254
121.597
121.933
122.205
121.775
122.504
122.588
122.977
125.331
126.114
127.574
129.382
126.286
129.596
127.541
126.136
125.089
122.756
120.768
117.15
115.691
113.294
112.481
110.86
108.836
107.008
108.094
106.685
104.249
100.327
98.8528
95.646
92.3487
88.3473
84.855
84.1077
83.659
80.2539
77.4901
78.102
80.6934
79.7039
75.7874
68.8308
64.3173
