73.9177
73.9945
73.9548
73.7048
73.5567
73.5157
73.1207
73.6365
73.4925
72.9875
72.9887
73.1374
72.6331
72.5917
72.4313
71.7208
71.694
71.4346
71.5449
71.3227
70.6895
70.3904
70.5649
70.492
70.2938
70.0784
70.6513
70.1102
69.8531
69.7393
69.2327
68.9134
69.7702
69.2559
69.05
69.0956
68.9369
68.9719
68.7995
68.5707
68.2875
68.1745
67.9923
67.5292
67.326
67.6505
67.3227
67.1423
67.1154
66.9492
66.9308
66.6094
66.2689
66.156
66.2002
66.288
66.1773
65.9763
65.8648
66.081
65.9985
65.8107
65.4672
65.057
64.6297
64.335
64.1291
63.8341
63.4829
63.37
63.2495
63.736
63.5068
63.3751
63.2014
63.0327
63.0434
62.7925
62.7107
62.0332
61.558
61.5426
61.0672
60.7282
60.3615
60.1516
59.6443
59.3724
58.9455
58.1131
57.541
56.7331
56.3417
55.0128
54.5396
54.1761
51.8936
50.6098
49.6368
48.8133
47.9474
47.4839
