160.595
165.898
165.222
159.713
200.482
166.196
166.552
201.788
201.472
201.341
201.633
202.107
202.311
202.792
168.38
168.705
203.461
175.053
202.745
202.415
173.138
165.548
201.284
201.488
201.745
201.985
202.176
202.222
202.297
202.229
202.114
202.141
202.359
202.777
202.956
203.007
203.054
202.685
202.342
201.932
201.321
200.784
200.825
201.012
200.901
200.517
199.779
199.079
198.4
197.676
197.377
197.496
197.477
197.933
198.451
198.819
199.36
199.371
199.498
199.214
198.465
197.913
197.353
196.59
196.054
195.518
194.446
193.52
192.803
192.137
191.556
190.971
190.119
189.904
189.389
189.034
187.493
186.418
185.721
