106.132
106.28
105.421
105.68
106.032
105.484
104.728
104.717
104.733
105.09
105.205
105.375
105.567
105.023
104.877
104.775
104.939
104.895
104.642
105.045
105.189
105.179
105.539
105.867
105.828
105.632
105.463
105.314
104.971
104.829
105.036
105.015
104.801
104.778
104.6
104.382
104.348
104.295
104.204
103.966
104.004
103.875
103.714
103.51
103.574
103.538
103.373
103.493
102.855
102.386
102.386
102.303
102.514
102.605
102.422
102.217
101.95
101.791
101.832
101.518
101.584
101.524
101.3
101.116
100.968
100.362
99.8687
98.9172
97.5363
96.7419
95.5203
95.1621
94.2918
93.9248
93.6921
92.9557
92.2393
120.662
91.1653
91.0812
90.7394
90.4571
90.4436
89.9105
89.377
88.2973
87.5269
87.1419
86.728
86.3163
96.5979
85.1742
84.8946
85.3509
84.9601
83.5917
81.3501
82.9513
