105.911
105.703
105.767
104.631
104.631
104.752
104.483
104.248
104.38
104.194
103.96
104.113
103.931
103.849
103.7
103.676
102.64
102.78
102.763
102.647
102.843
82.5104
82.4194
102.908
82.7171
82.4326
102.664
82.253
81.9308
101.839
101.674
81.3182
101.224
100.915
80.7789
80.5038
80.4442
80.3276
80.0579
79.7831
79.5026
79.4165
79.31
79.1164
98.844
98.7192
78.3694
78.0936
77.5769
76.8524
76.7923
96.7779
96.43
76.2539
76.1396
96.1606
75.5173
74.8236
74.4407
74.4938
74.3324
73.6142
93.4207
93.2127
72.7044
72.254
92.64
92.1968
51.5281
92.202
91.8642
91.0284
70.1689
90.3452
89.3466
88.7719
88.7377
87.528
86.6086
66.9913
85.6576
84.6029
84.037
82.5418
82.2028
59.8163
78.1861
75.9371
74.8874
73.6974
71.6489
68.1856
66.4597
61.7726
