101.822
101.915
102.03
99.0853
97.7891
96.4469
96.6844
96.6136
94.9422
94.2075
94.1233
93.9118
93.9895
94.2893
94.1034
94.3536
94.0034
93.6041
92.9165
92.541
92.4677
91.3363
91.2131
90.8846
91.6281
92.5183
93.1599
93.0323
93.0439
92.5768
91.6839
91.9396
91.6664
91.2593
91.0508
90.831
89.7434
88.9122
88.1048
88.2793
88.2913
88.5771
88.0699
87.9572
87.2907
86.8031
86.522
85.9124
85.943
85.2276
84.4243
84.3808
83.6718
83.1545
82.8411
82.6174
82.1265
81.4912
81.1622
80.5015
80.6733
79.9062
78.6833
78.0073
77.9499
77.2466
76.1745
75.7284
74.3551
72.9539
71.599
69.5183
67.8522
66.144
65.2531
63.7408
61.8918
59.0668
58.6688
57.7171
56.9467
57.9947
58.4441
58.2051
55.0155
56.0778
56.5237
54.4038
